"port","gear","qtr","year","species","n","landing","coverage"
"BRG","TWL",1,1981,"ARRA",2,0,1
"BRG","TWL",1,1981,"BANK",2,0,1
"BRG","TWL",1,1981,"BCAC",2,75287,1
"BRG","TWL",1,1981,"BLGL",2,0,1
"BRG","TWL",1,1981,"BLUR",2,0,1
"BRG","TWL",1,1981,"BRWN",2,0,1
"BRG","TWL",1,1981,"CLPR",2,61549,1
"BRG","TWL",1,1981,"CNRY",2,1138,0.5
"BRG","TWL",1,1981,"CWCD",2,0,1
"BRG","TWL",1,1981,"DBRK",2,0,1
"BRG","TWL",1,1981,"EGLS",2,0,1
"BRG","TWL",1,1981,"FLAG",2,0,1
"BRG","TWL",1,1981,"GBLC",2,0,1
"BRG","TWL",1,1981,"GSPT",2,0,1
"BRG","TWL",1,1981,"GSRK",2,0,1
"BRG","TWL",1,1981,"KLPG",2,0,1
"BRG","TWL",1,1981,"LCOD",2,0,1
"BRG","TWL",1,1981,"OLVE",2,0,1
"BRG","TWL",1,1981,"PNKR",2,0,1
"BRG","TWL",1,1981,"RDBD",2,0,1
"BRG","TWL",1,1981,"REX",2,0,1
"BRG","TWL",1,1981,"SABL",2,0,1
"BRG","TWL",1,1981,"SBLY",2,0,1
"BRG","TWL",1,1981,"SNOS",2,0,1
"BRG","TWL",1,1981,"SPKL",2,0,1
"BRG","TWL",1,1981,"SSPN",2,0,1
"BRG","TWL",1,1981,"STRK",2,0,1
"BRG","TWL",1,1981,"TIGR",2,0,1
"BRG","TWL",1,1981,"VRML",2,0,1
"BRG","TWL",1,1981,"WDOW",2,1243,1
"BRG","TWL",1,1981,"YTRK",2,0,1
"BRG","TWL",2,1980,"ARRA",3,0,1
"BRG","TWL",2,1980,"BANK",3,0,1
"BRG","TWL",2,1980,"BCAC",3,29625,0.666666666666667
"BRG","TWL",2,1980,"BLGL",3,0,1
"BRG","TWL",2,1980,"BLUR",3,0,1
"BRG","TWL",2,1980,"BRWN",3,0,1
"BRG","TWL",2,1980,"CLPR",3,29179,1
"BRG","TWL",2,1980,"CNRY",3,32748,0
"BRG","TWL",2,1980,"CWCD",3,0,1
"BRG","TWL",2,1980,"DBRK",3,0,1
"BRG","TWL",2,1980,"EGLS",3,0,1
"BRG","TWL",2,1980,"FLAG",3,0,1
"BRG","TWL",2,1980,"GBLC",3,0,1
"BRG","TWL",2,1980,"GSPT",3,12101,0
"BRG","TWL",2,1980,"GSRK",3,5311,1
"BRG","TWL",2,1980,"KLPG",3,0,1
"BRG","TWL",2,1980,"LCOD",3,0,1
"BRG","TWL",2,1980,"OLVE",3,0,1
"BRG","TWL",2,1980,"PNKR",3,0,1
"BRG","TWL",2,1980,"RDBD",3,0,1
"BRG","TWL",2,1980,"REX",3,0,1
"BRG","TWL",2,1980,"SABL",3,0,1
"BRG","TWL",2,1980,"SBLY",3,0,1
"BRG","TWL",2,1980,"SNOS",3,0,1
"BRG","TWL",2,1980,"SPKL",3,0,1
"BRG","TWL",2,1980,"SSPN",3,0,1
"BRG","TWL",2,1980,"STRK",3,0,1
"BRG","TWL",2,1980,"TIGR",3,0,1
"BRG","TWL",2,1980,"VRML",3,0,1
"BRG","TWL",2,1980,"WDOW",3,0,1
"BRG","TWL",2,1980,"YTRK",3,0,1
"BRG","TWL",3,1980,"ARRA",1,0,1
"BRG","TWL",3,1980,"BANK",1,0,1
"BRG","TWL",3,1980,"BCAC",1,67330,1
"BRG","TWL",3,1980,"BLGL",1,0,1
"BRG","TWL",3,1980,"BLUR",1,0,1
"BRG","TWL",3,1980,"BRWN",1,0,1
"BRG","TWL",3,1980,"CLPR",1,227243,1
"BRG","TWL",3,1980,"CNRY",1,0,1
"BRG","TWL",3,1980,"CWCD",1,0,1
"BRG","TWL",3,1980,"DBRK",1,0,1
"BRG","TWL",3,1980,"EGLS",1,0,1
"BRG","TWL",3,1980,"FLAG",1,0,1
"BRG","TWL",3,1980,"GBLC",1,0,1
"BRG","TWL",3,1980,"GSPT",1,0,1
"BRG","TWL",3,1980,"GSRK",1,16828,1
"BRG","TWL",3,1980,"KLPG",1,0,1
"BRG","TWL",3,1980,"LCOD",1,0,1
"BRG","TWL",3,1980,"OLVE",1,0,1
"BRG","TWL",3,1980,"PNKR",1,0,1
"BRG","TWL",3,1980,"RDBD",1,0,1
"BRG","TWL",3,1980,"REX",1,0,1
"BRG","TWL",3,1980,"SABL",1,0,1
"BRG","TWL",3,1980,"SBLY",1,0,1
"BRG","TWL",3,1980,"SNOS",1,0,1
"BRG","TWL",3,1980,"SPKL",1,0,1
"BRG","TWL",3,1980,"SSPN",1,0,1
"BRG","TWL",3,1980,"STRK",1,25251,0
"BRG","TWL",3,1980,"TIGR",1,0,1
"BRG","TWL",3,1980,"VRML",1,0,1
"BRG","TWL",3,1980,"WDOW",1,0,1
"BRG","TWL",3,1980,"YTRK",1,0,1
"OSF","TWL",1,1978,"ARRA",6,0,1
"OSF","TWL",1,1978,"BANK",6,43313,0.833333333333333
"OSF","TWL",1,1978,"BCAC",6,176458,1
"OSF","TWL",1,1978,"BLGL",6,0,1
"OSF","TWL",1,1978,"BLUR",6,0,1
"OSF","TWL",1,1978,"BRWN",6,0,1
"OSF","TWL",1,1978,"CLPR",6,18349,1
"OSF","TWL",1,1978,"CNRY",6,1137,1
"OSF","TWL",1,1978,"CWCD",6,0,1
"OSF","TWL",1,1978,"DBRK",6,0,1
"OSF","TWL",1,1978,"EGLS",6,0,1
"OSF","TWL",1,1978,"FLAG",6,0,1
"OSF","TWL",1,1978,"GBLC",6,0,1
"OSF","TWL",1,1978,"GSPT",6,417,1
"OSF","TWL",1,1978,"GSRK",6,1194,1
"OSF","TWL",1,1978,"KLPG",6,0,1
"OSF","TWL",1,1978,"LCOD",6,0,1
"OSF","TWL",1,1978,"OLVE",6,0,1
"OSF","TWL",1,1978,"PNKR",6,0,1
"OSF","TWL",1,1978,"RDBD",6,0,1
"OSF","TWL",1,1978,"REX",6,0,1
"OSF","TWL",1,1978,"SABL",6,0,1
"OSF","TWL",1,1978,"SBLY",6,265,0.833333333333333
"OSF","TWL",1,1978,"SNOS",6,0,1
"OSF","TWL",1,1978,"SPKL",6,0,1
"OSF","TWL",1,1978,"SSPN",6,0,1
"OSF","TWL",1,1978,"STRK",6,0,1
"OSF","TWL",1,1978,"TIGR",6,0,1
"OSF","TWL",1,1978,"VRML",6,0,1
"OSF","TWL",1,1978,"WDOW",6,0,1
"OSF","TWL",1,1978,"YTRK",6,0,1
"OSF","TWL",1,1980,"ARRA",3,0,1
"OSF","TWL",1,1980,"BANK",3,0,1
"OSF","TWL",1,1980,"BCAC",3,188339,0.666666666666667
"OSF","TWL",1,1980,"BLGL",3,0,1
"OSF","TWL",1,1980,"BLUR",3,0,1
"OSF","TWL",1,1980,"BRWN",3,0,1
"OSF","TWL",1,1980,"CLPR",3,462876,0.333333333333333
"OSF","TWL",1,1980,"CNRY",3,0,1
"OSF","TWL",1,1980,"CWCD",3,0,1
"OSF","TWL",1,1980,"DBRK",3,0,1
"OSF","TWL",1,1980,"EGLS",3,0,1
"OSF","TWL",1,1980,"FLAG",3,0,1
"OSF","TWL",1,1980,"GBLC",3,0,1
"OSF","TWL",1,1980,"GSPT",3,0,1
"OSF","TWL",1,1980,"GSRK",3,0,1
"OSF","TWL",1,1980,"KLPG",3,0,1
"OSF","TWL",1,1980,"LCOD",3,0,1
"OSF","TWL",1,1980,"OLVE",3,0,1
"OSF","TWL",1,1980,"PNKR",3,0,1
"OSF","TWL",1,1980,"RDBD",3,0,1
"OSF","TWL",1,1980,"REX",3,0,1
"OSF","TWL",1,1980,"SABL",3,0,1
"OSF","TWL",1,1980,"SBLY",3,0,1
"OSF","TWL",1,1980,"SNOS",3,0,1
"OSF","TWL",1,1980,"SPKL",3,0,1
"OSF","TWL",1,1980,"SSPN",3,0,1
"OSF","TWL",1,1980,"STRK",3,0,1
"OSF","TWL",1,1980,"TIGR",3,0,1
"OSF","TWL",1,1980,"VRML",3,9510,0.666666666666667
"OSF","TWL",1,1980,"WDOW",3,227022,0.666666666666667
"OSF","TWL",1,1980,"YTRK",3,17423,1
"OSF","TWL",1,1982,"ARRA",1,0,1
"OSF","TWL",1,1982,"BANK",1,0,1
"OSF","TWL",1,1982,"BCAC",1,166516,1
"OSF","TWL",1,1982,"BLGL",1,0,1
"OSF","TWL",1,1982,"BLUR",1,0,1
"OSF","TWL",1,1982,"BRWN",1,0,1
"OSF","TWL",1,1982,"CLPR",1,52584,1
"OSF","TWL",1,1982,"CNRY",1,0,1
"OSF","TWL",1,1982,"CWCD",1,0,1
"OSF","TWL",1,1982,"DBRK",1,0,1
"OSF","TWL",1,1982,"EGLS",1,0,1
"OSF","TWL",1,1982,"FLAG",1,0,1
"OSF","TWL",1,1982,"GBLC",1,0,1
"OSF","TWL",1,1982,"GSPT",1,0,1
"OSF","TWL",1,1982,"GSRK",1,0,1
"OSF","TWL",1,1982,"KLPG",1,0,1
"OSF","TWL",1,1982,"LCOD",1,0,1
"OSF","TWL",1,1982,"OLVE",1,0,1
"OSF","TWL",1,1982,"PNKR",1,0,1
"OSF","TWL",1,1982,"RDBD",1,0,1
"OSF","TWL",1,1982,"REX",1,0,1
"OSF","TWL",1,1982,"SABL",1,0,1
"OSF","TWL",1,1982,"SBLY",1,0,1
"OSF","TWL",1,1982,"SNOS",1,0,1
"OSF","TWL",1,1982,"SPKL",1,0,1
"OSF","TWL",1,1982,"SSPN",1,0,1
"OSF","TWL",1,1982,"STRK",1,0,1
"OSF","TWL",1,1982,"TIGR",1,0,1
"OSF","TWL",1,1982,"VRML",1,0,1
"OSF","TWL",1,1982,"WDOW",1,17528,1
"OSF","TWL",1,1982,"YTRK",1,0,1
"OSF","TWL",2,1978,"ARRA",1,0,1
"OSF","TWL",2,1978,"BANK",1,0,1
"OSF","TWL",2,1978,"BCAC",1,182181,1
"OSF","TWL",2,1978,"BLGL",1,0,1
"OSF","TWL",2,1978,"BLUR",1,0,1
"OSF","TWL",2,1978,"BRWN",1,0,1
"OSF","TWL",2,1978,"CLPR",1,87447,1
"OSF","TWL",2,1978,"CNRY",1,0,1
"OSF","TWL",2,1978,"CWCD",1,21861,0
"OSF","TWL",2,1978,"DBRK",1,0,1
"OSF","TWL",2,1978,"EGLS",1,0,1
"OSF","TWL",2,1978,"FLAG",1,0,1
"OSF","TWL",2,1978,"GBLC",1,0,1
"OSF","TWL",2,1978,"GSPT",1,0,1
"OSF","TWL",2,1978,"GSRK",1,0,1
"OSF","TWL",2,1978,"KLPG",1,0,1
"OSF","TWL",2,1978,"LCOD",1,0,1
"OSF","TWL",2,1978,"OLVE",1,0,1
"OSF","TWL",2,1978,"PNKR",1,0,1
"OSF","TWL",2,1978,"RDBD",1,0,1
"OSF","TWL",2,1978,"REX",1,0,0
"OSF","TWL",2,1978,"SABL",1,0,1
"OSF","TWL",2,1978,"SBLY",1,0,1
"OSF","TWL",2,1978,"SNOS",1,0,1
"OSF","TWL",2,1978,"SPKL",1,0,1
"OSF","TWL",2,1978,"SSPN",1,0,1
"OSF","TWL",2,1978,"STRK",1,0,1
"OSF","TWL",2,1978,"TIGR",1,0,1
"OSF","TWL",2,1978,"VRML",1,0,1
"OSF","TWL",2,1978,"WDOW",1,0,1
"OSF","TWL",2,1978,"YTRK",1,0,1
"OSF","TWL",2,1980,"ARRA",9,1155,0.888888888888889
"OSF","TWL",2,1980,"BANK",9,0,1
"OSF","TWL",2,1980,"BCAC",9,358466,0.888888888888889
"OSF","TWL",2,1980,"BLGL",9,0,1
"OSF","TWL",2,1980,"BLUR",9,0,1
"OSF","TWL",2,1980,"BRWN",9,0,1
"OSF","TWL",2,1980,"CLPR",9,411755,1
"OSF","TWL",2,1980,"CNRY",9,27581,0.888888888888889
"OSF","TWL",2,1980,"CWCD",9,0,1
"OSF","TWL",2,1980,"DBRK",9,0,1
"OSF","TWL",2,1980,"EGLS",9,0,1
"OSF","TWL",2,1980,"FLAG",9,0,1
"OSF","TWL",2,1980,"GBLC",9,0,1
"OSF","TWL",2,1980,"GSPT",9,5363,0.888888888888889
"OSF","TWL",2,1980,"GSRK",9,2681,1
"OSF","TWL",2,1980,"KLPG",9,0,1
"OSF","TWL",2,1980,"LCOD",9,0,1
"OSF","TWL",2,1980,"OLVE",9,0,1
"OSF","TWL",2,1980,"PNKR",9,0,1
"OSF","TWL",2,1980,"RDBD",9,0,1
"OSF","TWL",2,1980,"REX",9,0,1
"OSF","TWL",2,1980,"SABL",9,0,1
"OSF","TWL",2,1980,"SBLY",9,0,1
"OSF","TWL",2,1980,"SNOS",9,0,1
"OSF","TWL",2,1980,"SPKL",9,0,1
"OSF","TWL",2,1980,"SSPN",9,0,1
"OSF","TWL",2,1980,"STRK",9,11209,0.888888888888889
"OSF","TWL",2,1980,"TIGR",9,0,1
"OSF","TWL",2,1980,"VRML",9,0,1
"OSF","TWL",2,1980,"WDOW",9,0,1
"OSF","TWL",2,1980,"YTRK",9,2681,1
"OSF","TWL",2,1982,"ARRA",9,0,1
"OSF","TWL",2,1982,"BANK",9,0,1
"OSF","TWL",2,1982,"BCAC",9,429636,0.888888888888889
"OSF","TWL",2,1982,"BLGL",9,1093,0.888888888888889
"OSF","TWL",2,1982,"BLUR",9,0,1
"OSF","TWL",2,1982,"BRWN",9,0,1
"OSF","TWL",2,1982,"CLPR",9,99466,1
"OSF","TWL",2,1982,"CNRY",9,30002,0.888888888888889
"OSF","TWL",2,1982,"CWCD",9,0,1
"OSF","TWL",2,1982,"DBRK",9,0,1
"OSF","TWL",2,1982,"EGLS",9,2368,0.888888888888889
"OSF","TWL",2,1982,"FLAG",9,0,1
"OSF","TWL",2,1982,"GBLC",9,0,1
"OSF","TWL",2,1982,"GSPT",9,0,1
"OSF","TWL",2,1982,"GSRK",9,808,1
"OSF","TWL",2,1982,"KLPG",9,0,1
"OSF","TWL",2,1982,"LCOD",9,0,1
"OSF","TWL",2,1982,"OLVE",9,0,1
"OSF","TWL",2,1982,"PNKR",9,0,1
"OSF","TWL",2,1982,"RDBD",9,0,1
"OSF","TWL",2,1982,"REX",9,0,1
"OSF","TWL",2,1982,"SABL",9,0,1
"OSF","TWL",2,1982,"SBLY",9,0,1
"OSF","TWL",2,1982,"SNOS",9,0,1
"OSF","TWL",2,1982,"SPKL",9,0,1
"OSF","TWL",2,1982,"SSPN",9,0,1
"OSF","TWL",2,1982,"STRK",9,12552,0.888888888888889
"OSF","TWL",2,1982,"TIGR",9,0,1
"OSF","TWL",2,1982,"VRML",9,0,1
"OSF","TWL",2,1982,"WDOW",9,0,1
"OSF","TWL",2,1982,"YTRK",9,8797,0.888888888888889
"OSF","TWL",3,1978,"ARRA",7,0,1
"OSF","TWL",3,1978,"BANK",7,0,1
"OSF","TWL",3,1978,"BCAC",7,276869,0.857142857142857
"OSF","TWL",3,1978,"BLGL",7,0,1
"OSF","TWL",3,1978,"BLUR",7,0,1
"OSF","TWL",3,1978,"BRWN",7,0,1
"OSF","TWL",3,1978,"CLPR",7,117985,1
"OSF","TWL",3,1978,"CNRY",7,11933,1
"OSF","TWL",3,1978,"CWCD",7,0,1
"OSF","TWL",3,1978,"DBRK",7,0,1
"OSF","TWL",3,1978,"EGLS",7,0,1
"OSF","TWL",3,1978,"FLAG",7,0,1
"OSF","TWL",3,1978,"GBLC",7,0,1
"OSF","TWL",3,1978,"GSPT",7,3242,1
"OSF","TWL",3,1978,"GSRK",7,0,1
"OSF","TWL",3,1978,"KLPG",7,0,1
"OSF","TWL",3,1978,"LCOD",7,0,1
"OSF","TWL",3,1978,"OLVE",7,0,1
"OSF","TWL",3,1978,"PNKR",7,0,1
"OSF","TWL",3,1978,"RDBD",7,2783,0.857142857142857
"OSF","TWL",3,1978,"REX",7,0,0
"OSF","TWL",3,1978,"SABL",7,0,1
"OSF","TWL",3,1978,"SBLY",7,0,1
"OSF","TWL",3,1978,"SNOS",7,0,1
"OSF","TWL",3,1978,"SPKL",7,0,1
"OSF","TWL",3,1978,"SSPN",7,0,1
"OSF","TWL",3,1978,"STRK",7,0,1
"OSF","TWL",3,1978,"TIGR",7,0,1
"OSF","TWL",3,1978,"VRML",7,0,1
"OSF","TWL",3,1978,"WDOW",7,18456,0.857142857142857
"OSF","TWL",3,1978,"YTRK",7,15020,0.857142857142857
"OSF","TWL",3,1980,"ARRA",6,0,1
"OSF","TWL",3,1980,"BANK",6,0,1
"OSF","TWL",3,1980,"BCAC",6,412564,0.666666666666667
"OSF","TWL",3,1980,"BLGL",6,0,1
"OSF","TWL",3,1980,"BLUR",6,0,1
"OSF","TWL",3,1980,"BRWN",6,0,1
"OSF","TWL",3,1980,"CLPR",6,268401,1
"OSF","TWL",3,1980,"CNRY",6,13895,1
"OSF","TWL",3,1980,"CWCD",6,0,1
"OSF","TWL",3,1980,"DBRK",6,0,1
"OSF","TWL",3,1980,"EGLS",6,0,1
"OSF","TWL",3,1980,"FLAG",6,0,1
"OSF","TWL",3,1980,"GBLC",6,0,1
"OSF","TWL",3,1980,"GSPT",6,0,1
"OSF","TWL",3,1980,"GSRK",6,5524,0.833333333333333
"OSF","TWL",3,1980,"KLPG",6,0,1
"OSF","TWL",3,1980,"LCOD",6,0,1
"OSF","TWL",3,1980,"OLVE",6,0,1
"OSF","TWL",3,1980,"PNKR",6,0,1
"OSF","TWL",3,1980,"RDBD",6,0,1
"OSF","TWL",3,1980,"REX",6,0,1
"OSF","TWL",3,1980,"SABL",6,0,1
"OSF","TWL",3,1980,"SBLY",6,0,1
"OSF","TWL",3,1980,"SNOS",6,0,1
"OSF","TWL",3,1980,"SPKL",6,0,1
"OSF","TWL",3,1980,"SSPN",6,0,1
"OSF","TWL",3,1980,"STRK",6,0,0.833333333333333
"OSF","TWL",3,1980,"TIGR",6,0,1
"OSF","TWL",3,1980,"VRML",6,11681,0.833333333333333
"OSF","TWL",3,1980,"WDOW",6,62941,1
"OSF","TWL",3,1980,"YTRK",6,0,1
"OSF","TWL",3,1982,"ARRA",1,0,1
"OSF","TWL",3,1982,"BANK",1,0,1
"OSF","TWL",3,1982,"BCAC",1,138614,1
"OSF","TWL",3,1982,"BLGL",1,0,1
"OSF","TWL",3,1982,"BLUR",1,0,1
"OSF","TWL",3,1982,"BRWN",1,0,1
"OSF","TWL",3,1982,"CLPR",1,3329,1
"OSF","TWL",3,1982,"CNRY",1,0,1
"OSF","TWL",3,1982,"CWCD",1,0,1
"OSF","TWL",3,1982,"DBRK",1,0,1
"OSF","TWL",3,1982,"EGLS",1,0,1
"OSF","TWL",3,1982,"FLAG",1,20292,0
"OSF","TWL",3,1982,"GBLC",1,0,1
"OSF","TWL",3,1982,"GSPT",1,0,1
"OSF","TWL",3,1982,"GSRK",1,0,1
"OSF","TWL",3,1982,"KLPG",1,0,1
"OSF","TWL",3,1982,"LCOD",1,0,1
"OSF","TWL",3,1982,"OLVE",1,0,1
"OSF","TWL",3,1982,"PNKR",1,0,1
"OSF","TWL",3,1982,"RDBD",1,0,1
"OSF","TWL",3,1982,"REX",1,0,1
"OSF","TWL",3,1982,"SABL",1,0,1
"OSF","TWL",3,1982,"SBLY",1,0,1
"OSF","TWL",3,1982,"SNOS",1,0,1
"OSF","TWL",3,1982,"SPKL",1,0,1
"OSF","TWL",3,1982,"SSPN",1,0,1
"OSF","TWL",3,1982,"STRK",1,0,1
"OSF","TWL",3,1982,"TIGR",1,0,1
"OSF","TWL",3,1982,"VRML",1,0,1
"OSF","TWL",3,1982,"WDOW",1,0,1
"OSF","TWL",3,1982,"YTRK",1,0,1
"OSF","TWL",4,1978,"ARRA",3,0,1
"OSF","TWL",4,1978,"BANK",3,0,1
"OSF","TWL",4,1978,"BCAC",3,157771,1
"OSF","TWL",4,1978,"BLGL",3,0,1
"OSF","TWL",4,1978,"BLUR",3,0,1
"OSF","TWL",4,1978,"BRWN",3,0,1
"OSF","TWL",4,1978,"CLPR",3,146432,1
"OSF","TWL",4,1978,"CNRY",3,5284,0.666666666666667
"OSF","TWL",4,1978,"CWCD",3,0,1
"OSF","TWL",4,1978,"DBRK",3,0,1
"OSF","TWL",4,1978,"EGLS",3,0,1
"OSF","TWL",4,1978,"FLAG",3,0,1
"OSF","TWL",4,1978,"GBLC",3,0,1
"OSF","TWL",4,1978,"GSPT",3,759,1
"OSF","TWL",4,1978,"GSRK",3,0,1
"OSF","TWL",4,1978,"KLPG",3,0,1
"OSF","TWL",4,1978,"LCOD",3,0,1
"OSF","TWL",4,1978,"OLVE",3,0,1
"OSF","TWL",4,1978,"PNKR",3,0,1
"OSF","TWL",4,1978,"RDBD",3,0,1
"OSF","TWL",4,1978,"REX",3,0,1
"OSF","TWL",4,1978,"SABL",3,0,1
"OSF","TWL",4,1978,"SBLY",3,0,1
"OSF","TWL",4,1978,"SNOS",3,0,1
"OSF","TWL",4,1978,"SPKL",3,0,1
"OSF","TWL",4,1978,"SSPN",3,0,1
"OSF","TWL",4,1978,"STRK",3,0,1
"OSF","TWL",4,1978,"TIGR",3,0,1
"OSF","TWL",4,1978,"VRML",3,0,1
"OSF","TWL",4,1978,"WDOW",3,759,1
"OSF","TWL",4,1978,"YTRK",3,0,1
"OSF","TWL",4,1980,"ARRA",3,0,1
"OSF","TWL",4,1980,"BANK",3,0,1
"OSF","TWL",4,1980,"BCAC",3,430818,1
"OSF","TWL",4,1980,"BLGL",3,0,1
"OSF","TWL",4,1980,"BLUR",3,0,1
"OSF","TWL",4,1980,"BRWN",3,0,1
"OSF","TWL",4,1980,"CLPR",3,212796,1
"OSF","TWL",4,1980,"CNRY",3,0,1
"OSF","TWL",4,1980,"CWCD",3,0,1
"OSF","TWL",4,1980,"DBRK",3,24474,0.666666666666667
"OSF","TWL",4,1980,"EGLS",3,0,1
"OSF","TWL",4,1980,"FLAG",3,0,1
"OSF","TWL",4,1980,"GBLC",3,0,1
"OSF","TWL",4,1980,"GSPT",3,0,1
"OSF","TWL",4,1980,"GSRK",3,0,1
"OSF","TWL",4,1980,"KLPG",3,0,1
"OSF","TWL",4,1980,"LCOD",3,0,1
"OSF","TWL",4,1980,"OLVE",3,0,1
"OSF","TWL",4,1980,"PNKR",3,0,1
"OSF","TWL",4,1980,"RDBD",3,0,1
"OSF","TWL",4,1980,"REX",3,0,0
"OSF","TWL",4,1980,"SABL",3,0,1
"OSF","TWL",4,1980,"SBLY",3,6429,0.666666666666667
"OSF","TWL",4,1980,"SNOS",3,158984,0.666666666666667
"OSF","TWL",4,1980,"SPKL",3,0,1
"OSF","TWL",4,1980,"SSPN",3,0,1
"OSF","TWL",4,1980,"STRK",3,0,1
"OSF","TWL",4,1980,"TIGR",3,0,1
"OSF","TWL",4,1980,"VRML",3,0,1
"OSF","TWL",4,1980,"WDOW",3,12859,1
"OSF","TWL",4,1980,"YTRK",3,0,1
"OSF","TWL",4,1981,"ARRA",3,0,1
"OSF","TWL",4,1981,"BANK",3,0,1
"OSF","TWL",4,1981,"BCAC",3,199127,1
"OSF","TWL",4,1981,"BLGL",3,0,1
"OSF","TWL",4,1981,"BLUR",3,0,0.666666666666667
"OSF","TWL",4,1981,"BRWN",3,0,1
"OSF","TWL",4,1981,"CLPR",3,384176,1
"OSF","TWL",4,1981,"CNRY",3,0,1
"OSF","TWL",4,1981,"CWCD",3,0,1
"OSF","TWL",4,1981,"DBRK",3,0,1
"OSF","TWL",4,1981,"EGLS",3,0,1
"OSF","TWL",4,1981,"FLAG",3,0,1
"OSF","TWL",4,1981,"GBLC",3,0,1
"OSF","TWL",4,1981,"GSPT",3,6033,1
"OSF","TWL",4,1981,"GSRK",3,0,1
"OSF","TWL",4,1981,"KLPG",3,0,1
"OSF","TWL",4,1981,"LCOD",3,0,1
"OSF","TWL",4,1981,"OLVE",3,0,1
"OSF","TWL",4,1981,"PNKR",3,0,1
"OSF","TWL",4,1981,"RDBD",3,0,1
"OSF","TWL",4,1981,"REX",3,0,1
"OSF","TWL",4,1981,"SABL",3,0,1
"OSF","TWL",4,1981,"SBLY",3,0,1
"OSF","TWL",4,1981,"SNOS",3,0,1
"OSF","TWL",4,1981,"SPKL",3,0,1
"OSF","TWL",4,1981,"SSPN",3,0,1
"OSF","TWL",4,1981,"STRK",3,15416,0.666666666666667
"OSF","TWL",4,1981,"TIGR",3,4022,0.666666666666667
"OSF","TWL",4,1981,"VRML",3,0,1
"OSF","TWL",4,1981,"WDOW",3,34180,0.666666666666667
"OSF","TWL",4,1981,"YTRK",3,0,1
"MNT","TWL",1,1978,"ARRA",9,0,1
"MNT","TWL",1,1978,"BANK",9,3917,1
"MNT","TWL",1,1978,"BCAC",9,133801,1
"MNT","TWL",1,1978,"BLGL",9,0,1
"MNT","TWL",1,1978,"BLUR",9,0,1
"MNT","TWL",1,1978,"BRWN",9,0,1
"MNT","TWL",1,1978,"CLPR",9,110442,1
"MNT","TWL",1,1978,"CNRY",9,0,1
"MNT","TWL",1,1978,"CWCD",9,205,0.888888888888889
"MNT","TWL",1,1978,"DBRK",9,0,1
"MNT","TWL",1,1978,"EGLS",9,0,1
"MNT","TWL",1,1978,"FLAG",9,0,1
"MNT","TWL",1,1978,"GBLC",9,0,1
"MNT","TWL",1,1978,"GSPT",9,0,1
"MNT","TWL",1,1978,"GSRK",9,205,1
"MNT","TWL",1,1978,"KLPG",9,0,1
"MNT","TWL",1,1978,"LCOD",9,2380,1
"MNT","TWL",1,1978,"OLVE",9,0,1
"MNT","TWL",1,1978,"PNKR",9,745,0.888888888888889
"MNT","TWL",1,1978,"RDBD",9,0,1
"MNT","TWL",1,1978,"REX",9,311,0.888888888888889
"MNT","TWL",1,1978,"SABL",9,4753,0.666666666666667
"MNT","TWL",1,1978,"SBLY",9,433,0.888888888888889
"MNT","TWL",1,1978,"SNOS",9,4951,1
"MNT","TWL",1,1978,"SPKL",9,0,1
"MNT","TWL",1,1978,"SSPN",9,0,1
"MNT","TWL",1,1978,"STRK",9,0,1
"MNT","TWL",1,1978,"TIGR",9,0,1
"MNT","TWL",1,1978,"VRML",9,0,1
"MNT","TWL",1,1978,"WDOW",9,12504,1
"MNT","TWL",1,1978,"YTRK",9,0,1
"MNT","TWL",1,1981,"ARRA",2,0,1
"MNT","TWL",1,1981,"BANK",2,0,1
"MNT","TWL",1,1981,"BCAC",2,221384,1
"MNT","TWL",1,1981,"BLGL",2,0,1
"MNT","TWL",1,1981,"BLUR",2,0,1
"MNT","TWL",1,1981,"BRWN",2,0,1
"MNT","TWL",1,1981,"CLPR",2,114311,1
"MNT","TWL",1,1981,"CNRY",2,0,1
"MNT","TWL",1,1981,"CWCD",2,0,1
"MNT","TWL",1,1981,"DBRK",2,0,1
"MNT","TWL",1,1981,"EGLS",2,0,1
"MNT","TWL",1,1981,"FLAG",2,0,1
"MNT","TWL",1,1981,"GBLC",2,0,1
"MNT","TWL",1,1981,"GSPT",2,0,1
"MNT","TWL",1,1981,"GSRK",2,0,1
"MNT","TWL",1,1981,"KLPG",2,0,1
"MNT","TWL",1,1981,"LCOD",2,0,1
"MNT","TWL",1,1981,"OLVE",2,0,1
"MNT","TWL",1,1981,"PNKR",2,0,1
"MNT","TWL",1,1981,"RDBD",2,0,1
"MNT","TWL",1,1981,"REX",2,0,1
"MNT","TWL",1,1981,"SABL",2,0,1
"MNT","TWL",1,1981,"SBLY",2,0,1
"MNT","TWL",1,1981,"SNOS",2,0,1
"MNT","TWL",1,1981,"SPKL",2,0,1
"MNT","TWL",1,1981,"SSPN",2,0,1
"MNT","TWL",1,1981,"STRK",2,0,1
"MNT","TWL",1,1981,"TIGR",2,0,1
"MNT","TWL",1,1981,"VRML",2,0,1
"MNT","TWL",1,1981,"WDOW",2,0,1
"MNT","TWL",1,1981,"YTRK",2,24646,0.5
"MNT","TWL",1,1982,"ARRA",4,0,1
"MNT","TWL",1,1982,"BANK",4,10271,1
"MNT","TWL",1,1982,"BCAC",4,291970,1
"MNT","TWL",1,1982,"BLGL",4,0,1
"MNT","TWL",1,1982,"BLUR",4,0,1
"MNT","TWL",1,1982,"BRWN",4,0,1
"MNT","TWL",1,1982,"CLPR",4,207027,1
"MNT","TWL",1,1982,"CNRY",4,0,1
"MNT","TWL",1,1982,"CWCD",4,0,1
"MNT","TWL",1,1982,"DBRK",4,0,1
"MNT","TWL",1,1982,"EGLS",4,0,1
"MNT","TWL",1,1982,"FLAG",4,0,1
"MNT","TWL",1,1982,"GBLC",4,0,1
"MNT","TWL",1,1982,"GSPT",4,1701,1
"MNT","TWL",1,1982,"GSRK",4,1701,1
"MNT","TWL",1,1982,"KLPG",4,0,1
"MNT","TWL",1,1982,"LCOD",4,0,1
"MNT","TWL",1,1982,"OLVE",4,0,1
"MNT","TWL",1,1982,"PNKR",4,0,1
"MNT","TWL",1,1982,"RDBD",4,0,1
"MNT","TWL",1,1982,"REX",4,0,1
"MNT","TWL",1,1982,"SABL",4,0,1
"MNT","TWL",1,1982,"SBLY",4,0,1
"MNT","TWL",1,1982,"SNOS",4,0,1
"MNT","TWL",1,1982,"SPKL",4,0,1
"MNT","TWL",1,1982,"SSPN",4,0,1
"MNT","TWL",1,1982,"STRK",4,0,1
"MNT","TWL",1,1982,"TIGR",4,0,1
"MNT","TWL",1,1982,"VRML",4,0,1
"MNT","TWL",1,1982,"WDOW",4,0,1
"MNT","TWL",1,1982,"YTRK",4,0,1
"MNT","TWL",2,1978,"ARRA",8,0,1
"MNT","TWL",2,1978,"BANK",8,104743,0.625
"MNT","TWL",2,1978,"BCAC",8,450210,1
"MNT","TWL",2,1978,"BLGL",8,26161,0.875
"MNT","TWL",2,1978,"BLUR",8,0,0.875
"MNT","TWL",2,1978,"BRWN",8,0,1
"MNT","TWL",2,1978,"CLPR",8,199275,1
"MNT","TWL",2,1978,"CNRY",8,0,1
"MNT","TWL",2,1978,"CWCD",8,0,1
"MNT","TWL",2,1978,"DBRK",8,0,1
"MNT","TWL",2,1978,"EGLS",8,0,1
"MNT","TWL",2,1978,"FLAG",8,0,1
"MNT","TWL",2,1978,"GBLC",8,0,1
"MNT","TWL",2,1978,"GSPT",8,0,1
"MNT","TWL",2,1978,"GSRK",8,0,1
"MNT","TWL",2,1978,"KLPG",8,0,1
"MNT","TWL",2,1978,"LCOD",8,9332,1
"MNT","TWL",2,1978,"OLVE",8,0,1
"MNT","TWL",2,1978,"PNKR",8,0,1
"MNT","TWL",2,1978,"RDBD",8,0,1
"MNT","TWL",2,1978,"REX",8,0,1
"MNT","TWL",2,1978,"SABL",8,0,1
"MNT","TWL",2,1978,"SBLY",8,0,1
"MNT","TWL",2,1978,"SNOS",8,5993,1
"MNT","TWL",2,1978,"SPKL",8,0,1
"MNT","TWL",2,1978,"SSPN",8,0,1
"MNT","TWL",2,1978,"STRK",8,0,1
"MNT","TWL",2,1978,"TIGR",8,0,1
"MNT","TWL",2,1978,"VRML",8,0,1
"MNT","TWL",2,1978,"WDOW",8,2069,1
"MNT","TWL",2,1978,"YTRK",8,1659,1
"MNT","TWL",2,1980,"ARRA",3,0,1
"MNT","TWL",2,1980,"BANK",3,0,1
"MNT","TWL",2,1980,"BCAC",3,862033,1
"MNT","TWL",2,1980,"BLGL",3,0,1
"MNT","TWL",2,1980,"BLUR",3,0,1
"MNT","TWL",2,1980,"BRWN",3,0,1
"MNT","TWL",2,1980,"CLPR",3,154209,1
"MNT","TWL",2,1980,"CNRY",3,0,1
"MNT","TWL",2,1980,"CWCD",3,0,1
"MNT","TWL",2,1980,"DBRK",3,0,1
"MNT","TWL",2,1980,"EGLS",3,0,1
"MNT","TWL",2,1980,"FLAG",3,0,1
"MNT","TWL",2,1980,"GBLC",3,0,1
"MNT","TWL",2,1980,"GSPT",3,0,1
"MNT","TWL",2,1980,"GSRK",3,0,1
"MNT","TWL",2,1980,"KLPG",3,0,1
"MNT","TWL",2,1980,"LCOD",3,0,1
"MNT","TWL",2,1980,"OLVE",3,0,1
"MNT","TWL",2,1980,"PNKR",3,0,1
"MNT","TWL",2,1980,"RDBD",3,0,1
"MNT","TWL",2,1980,"REX",3,0,1
"MNT","TWL",2,1980,"SABL",3,0,1
"MNT","TWL",2,1980,"SBLY",3,0,1
"MNT","TWL",2,1980,"SNOS",3,0,1
"MNT","TWL",2,1980,"SPKL",3,0,1
"MNT","TWL",2,1980,"SSPN",3,0,1
"MNT","TWL",2,1980,"STRK",3,0,1
"MNT","TWL",2,1980,"TIGR",3,0,1
"MNT","TWL",2,1980,"VRML",3,0,1
"MNT","TWL",2,1980,"WDOW",3,44228,0.666666666666667
"MNT","TWL",2,1980,"YTRK",3,0,1
"MNT","TWL",2,1981,"ARRA",2,0,1
"MNT","TWL",2,1981,"BANK",2,0,1
"MNT","TWL",2,1981,"BCAC",2,227308,1
"MNT","TWL",2,1981,"BLGL",2,0,1
"MNT","TWL",2,1981,"BLUR",2,0,1
"MNT","TWL",2,1981,"BRWN",2,0,1
"MNT","TWL",2,1981,"CLPR",2,182221,1
"MNT","TWL",2,1981,"CNRY",2,0,1
"MNT","TWL",2,1981,"CWCD",2,0,1
"MNT","TWL",2,1981,"DBRK",2,0,1
"MNT","TWL",2,1981,"EGLS",2,0,1
"MNT","TWL",2,1981,"FLAG",2,0,1
"MNT","TWL",2,1981,"GBLC",2,0,1
"MNT","TWL",2,1981,"GSPT",2,0,1
"MNT","TWL",2,1981,"GSRK",2,0,1
"MNT","TWL",2,1981,"KLPG",2,0,1
"MNT","TWL",2,1981,"LCOD",2,0,1
"MNT","TWL",2,1981,"OLVE",2,0,1
"MNT","TWL",2,1981,"PNKR",2,0,1
"MNT","TWL",2,1981,"RDBD",2,0,1
"MNT","TWL",2,1981,"REX",2,0,1
"MNT","TWL",2,1981,"SABL",2,0,1
"MNT","TWL",2,1981,"SBLY",2,0,1
"MNT","TWL",2,1981,"SNOS",2,0,1
"MNT","TWL",2,1981,"SPKL",2,0,1
"MNT","TWL",2,1981,"SSPN",2,0,1
"MNT","TWL",2,1981,"STRK",2,0,1
"MNT","TWL",2,1981,"TIGR",2,0,1
"MNT","TWL",2,1981,"VRML",2,0,1
"MNT","TWL",2,1981,"WDOW",2,0,1
"MNT","TWL",2,1981,"YTRK",2,0,1
"MNT","TWL",2,1982,"ARRA",17,0,1
"MNT","TWL",2,1982,"BANK",17,166393,0.705882352941177
"MNT","TWL",2,1982,"BCAC",17,251755,0.941176470588235
"MNT","TWL",2,1982,"BLGL",17,5773,0.823529411764706
"MNT","TWL",2,1982,"BLUR",17,0,1
"MNT","TWL",2,1982,"BRWN",17,0,1
"MNT","TWL",2,1982,"CLPR",17,168774,1
"MNT","TWL",2,1982,"CNRY",17,0,1
"MNT","TWL",2,1982,"CWCD",17,0,1
"MNT","TWL",2,1982,"DBRK",17,0,1
"MNT","TWL",2,1982,"EGLS",17,0,1
"MNT","TWL",2,1982,"FLAG",17,0,1
"MNT","TWL",2,1982,"GBLC",17,0,1
"MNT","TWL",2,1982,"GSPT",17,0,1
"MNT","TWL",2,1982,"GSRK",17,0,1
"MNT","TWL",2,1982,"KLPG",17,0,1
"MNT","TWL",2,1982,"LCOD",17,0,1
"MNT","TWL",2,1982,"OLVE",17,0,1
"MNT","TWL",2,1982,"PNKR",17,0,1
"MNT","TWL",2,1982,"RDBD",17,0,1
"MNT","TWL",2,1982,"REX",17,0,1
"MNT","TWL",2,1982,"SABL",17,0,1
"MNT","TWL",2,1982,"SBLY",17,0,1
"MNT","TWL",2,1982,"SNOS",17,9379,1
"MNT","TWL",2,1982,"SPKL",17,0,1
"MNT","TWL",2,1982,"SSPN",17,2281,0.941176470588235
"MNT","TWL",2,1982,"STRK",17,609,1
"MNT","TWL",2,1982,"TIGR",17,0,1
"MNT","TWL",2,1982,"VRML",17,0,1
"MNT","TWL",2,1982,"WDOW",17,9004,1
"MNT","TWL",2,1982,"YTRK",17,0,1
"MNT","TWL",3,1978,"ARRA",11,0,1
"MNT","TWL",3,1978,"BANK",11,233038,0.818181818181818
"MNT","TWL",3,1978,"BCAC",11,211654,1
"MNT","TWL",3,1978,"BLGL",11,1632,1
"MNT","TWL",3,1978,"BLUR",11,0,1
"MNT","TWL",3,1978,"BRWN",11,0,1
"MNT","TWL",3,1978,"CLPR",11,95729,0.909090909090909
"MNT","TWL",3,1978,"CNRY",11,0,1
"MNT","TWL",3,1978,"CWCD",11,0,1
"MNT","TWL",3,1978,"DBRK",11,5723,0.909090909090909
"MNT","TWL",3,1978,"EGLS",11,0,0
"MNT","TWL",3,1978,"FLAG",11,0,1
"MNT","TWL",3,1978,"GBLC",11,0,1
"MNT","TWL",3,1978,"GSPT",11,1995,1
"MNT","TWL",3,1978,"GSRK",11,247,1
"MNT","TWL",3,1978,"KLPG",11,0,1
"MNT","TWL",3,1978,"LCOD",11,3859,1
"MNT","TWL",3,1978,"OLVE",11,0,1
"MNT","TWL",3,1978,"PNKR",11,0,1
"MNT","TWL",3,1978,"RDBD",11,0,1
"MNT","TWL",3,1978,"REX",11,0,1
"MNT","TWL",3,1978,"SABL",11,0,1
"MNT","TWL",3,1978,"SBLY",11,0,1
"MNT","TWL",3,1978,"SNOS",11,38026,0.818181818181818
"MNT","TWL",3,1978,"SPKL",11,41,0.909090909090909
"MNT","TWL",3,1978,"SSPN",11,0,1
"MNT","TWL",3,1978,"STRK",11,0,1
"MNT","TWL",3,1978,"TIGR",11,0,1
"MNT","TWL",3,1978,"VRML",11,0,1
"MNT","TWL",3,1978,"WDOW",11,96446,0.909090909090909
"MNT","TWL",3,1978,"YTRK",11,0,1
"MNT","TWL",3,1980,"ARRA",5,0,1
"MNT","TWL",3,1980,"BANK",5,0,1
"MNT","TWL",3,1980,"BCAC",5,385599,1
"MNT","TWL",3,1980,"BLGL",5,0,1
"MNT","TWL",3,1980,"BLUR",5,0,1
"MNT","TWL",3,1980,"BRWN",5,0,1
"MNT","TWL",3,1980,"CLPR",5,322876,0.8
"MNT","TWL",3,1980,"CNRY",5,0,1
"MNT","TWL",3,1980,"CWCD",5,0,1
"MNT","TWL",3,1980,"DBRK",5,0,1
"MNT","TWL",3,1980,"EGLS",5,0,1
"MNT","TWL",3,1980,"FLAG",5,0,1
"MNT","TWL",3,1980,"GBLC",5,0,1
"MNT","TWL",3,1980,"GSPT",5,0,1
"MNT","TWL",3,1980,"GSRK",5,0,1
"MNT","TWL",3,1980,"KLPG",5,0,0
"MNT","TWL",3,1980,"LCOD",5,0,1
"MNT","TWL",3,1980,"OLVE",5,0,1
"MNT","TWL",3,1980,"PNKR",5,0,1
"MNT","TWL",3,1980,"RDBD",5,0,1
"MNT","TWL",3,1980,"REX",5,0,1
"MNT","TWL",3,1980,"SABL",5,0,1
"MNT","TWL",3,1980,"SBLY",5,0,1
"MNT","TWL",3,1980,"SNOS",5,0,1
"MNT","TWL",3,1980,"SPKL",5,0,1
"MNT","TWL",3,1980,"SSPN",5,0,1
"MNT","TWL",3,1980,"STRK",5,0,1
"MNT","TWL",3,1980,"TIGR",5,0,1
"MNT","TWL",3,1980,"VRML",5,0,1
"MNT","TWL",3,1980,"WDOW",5,0,1
"MNT","TWL",3,1980,"YTRK",5,0,1
"MNT","TWL",3,1981,"ARRA",1,0,1
"MNT","TWL",3,1981,"BANK",1,0,1
"MNT","TWL",3,1981,"BCAC",1,279033,1
"MNT","TWL",3,1981,"BLGL",1,0,1
"MNT","TWL",3,1981,"BLUR",1,0,1
"MNT","TWL",3,1981,"BRWN",1,0,1
"MNT","TWL",3,1981,"CLPR",1,132896,1
"MNT","TWL",3,1981,"CNRY",1,0,1
"MNT","TWL",3,1981,"CWCD",1,0,1
"MNT","TWL",3,1981,"DBRK",1,0,1
"MNT","TWL",3,1981,"EGLS",1,0,1
"MNT","TWL",3,1981,"FLAG",1,0,1
"MNT","TWL",3,1981,"GBLC",1,0,1
"MNT","TWL",3,1981,"GSPT",1,0,1
"MNT","TWL",3,1981,"GSRK",1,0,1
"MNT","TWL",3,1981,"KLPG",1,0,1
"MNT","TWL",3,1981,"LCOD",1,0,1
"MNT","TWL",3,1981,"OLVE",1,0,1
"MNT","TWL",3,1981,"PNKR",1,0,1
"MNT","TWL",3,1981,"RDBD",1,0,1
"MNT","TWL",3,1981,"REX",1,0,1
"MNT","TWL",3,1981,"SABL",1,0,1
"MNT","TWL",3,1981,"SBLY",1,0,1
"MNT","TWL",3,1981,"SNOS",1,0,1
"MNT","TWL",3,1981,"SPKL",1,0,1
"MNT","TWL",3,1981,"SSPN",1,0,1
"MNT","TWL",3,1981,"STRK",1,0,1
"MNT","TWL",3,1981,"TIGR",1,0,1
"MNT","TWL",3,1981,"VRML",1,0,1
"MNT","TWL",3,1981,"WDOW",1,0,1
"MNT","TWL",3,1981,"YTRK",1,0,1
"MNT","TWL",3,1982,"ARRA",5,0,1
"MNT","TWL",3,1982,"BANK",5,15599,0.8
"MNT","TWL",3,1982,"BCAC",5,63247,1
"MNT","TWL",3,1982,"BLGL",5,0,1
"MNT","TWL",3,1982,"BLUR",5,0,1
"MNT","TWL",3,1982,"BRWN",5,0,1
"MNT","TWL",3,1982,"CLPR",5,24054,1
"MNT","TWL",3,1982,"CNRY",5,0,1
"MNT","TWL",3,1982,"CWCD",5,0,1
"MNT","TWL",3,1982,"DBRK",5,0,1
"MNT","TWL",3,1982,"EGLS",5,0,1
"MNT","TWL",3,1982,"FLAG",5,0,1
"MNT","TWL",3,1982,"GBLC",5,0,1
"MNT","TWL",3,1982,"GSPT",5,0,1
"MNT","TWL",3,1982,"GSRK",5,0,1
"MNT","TWL",3,1982,"KLPG",5,0,1
"MNT","TWL",3,1982,"LCOD",5,0,1
"MNT","TWL",3,1982,"OLVE",5,0,1
"MNT","TWL",3,1982,"PNKR",5,0,1
"MNT","TWL",3,1982,"RDBD",5,0,1
"MNT","TWL",3,1982,"REX",5,0,1
"MNT","TWL",3,1982,"SABL",5,0,1
"MNT","TWL",3,1982,"SBLY",5,332,0.8
"MNT","TWL",3,1982,"SNOS",5,0,1
"MNT","TWL",3,1982,"SPKL",5,0,1
"MNT","TWL",3,1982,"SSPN",5,0,1
"MNT","TWL",3,1982,"STRK",5,0,1
"MNT","TWL",3,1982,"TIGR",5,0,1
"MNT","TWL",3,1982,"VRML",5,0,1
"MNT","TWL",3,1982,"WDOW",5,332,1
"MNT","TWL",3,1982,"YTRK",5,0,1
"MNT","TWL",4,1978,"ARRA",5,0,1
"MNT","TWL",4,1978,"BANK",5,0,1
"MNT","TWL",4,1978,"BCAC",5,244190,1
"MNT","TWL",4,1978,"BLGL",5,0,1
"MNT","TWL",4,1978,"BLUR",5,0,1
"MNT","TWL",4,1978,"BRWN",5,0,1
"MNT","TWL",4,1978,"CLPR",5,81264,1
"MNT","TWL",4,1978,"CNRY",5,0,1
"MNT","TWL",4,1978,"CWCD",5,0,1
"MNT","TWL",4,1978,"DBRK",5,0,1
"MNT","TWL",4,1978,"EGLS",5,185,0.8
"MNT","TWL",4,1978,"FLAG",5,0,1
"MNT","TWL",4,1978,"GBLC",5,0,1
"MNT","TWL",4,1978,"GSPT",5,0,1
"MNT","TWL",4,1978,"GSRK",5,0,1
"MNT","TWL",4,1978,"KLPG",5,0,1
"MNT","TWL",4,1978,"LCOD",5,10678,0.8
"MNT","TWL",4,1978,"OLVE",5,0,1
"MNT","TWL",4,1978,"PNKR",5,0,1
"MNT","TWL",4,1978,"RDBD",5,0,1
"MNT","TWL",4,1978,"REX",5,0,1
"MNT","TWL",4,1978,"SABL",5,0,1
"MNT","TWL",4,1978,"SBLY",5,2408,0.8
"MNT","TWL",4,1978,"SNOS",5,1241,1
"MNT","TWL",4,1978,"SPKL",5,0,1
"MNT","TWL",4,1978,"SSPN",5,0,1
"MNT","TWL",4,1978,"STRK",5,1241,1
"MNT","TWL",4,1978,"TIGR",5,0,1
"MNT","TWL",4,1978,"VRML",5,0,1
"MNT","TWL",4,1978,"WDOW",5,0,1
"MNT","TWL",4,1978,"YTRK",5,935,1
"MNT","TWL",4,1980,"ARRA",4,0,1
"MNT","TWL",4,1980,"BANK",4,0,1
"MNT","TWL",4,1980,"BCAC",4,314354,1
"MNT","TWL",4,1980,"BLGL",4,0,1
"MNT","TWL",4,1980,"BLUR",4,0,1
"MNT","TWL",4,1980,"BRWN",4,0,1
"MNT","TWL",4,1980,"CLPR",4,193909,1
"MNT","TWL",4,1980,"CNRY",4,0,1
"MNT","TWL",4,1980,"CWCD",4,0,1
"MNT","TWL",4,1980,"DBRK",4,0,1
"MNT","TWL",4,1980,"EGLS",4,0,1
"MNT","TWL",4,1980,"FLAG",4,0,1
"MNT","TWL",4,1980,"GBLC",4,0,1
"MNT","TWL",4,1980,"GSPT",4,0,1
"MNT","TWL",4,1980,"GSRK",4,0,1
"MNT","TWL",4,1980,"KLPG",4,0,1
"MNT","TWL",4,1980,"LCOD",4,0,1
"MNT","TWL",4,1980,"OLVE",4,0,1
"MNT","TWL",4,1980,"PNKR",4,0,0
"MNT","TWL",4,1980,"RDBD",4,0,1
"MNT","TWL",4,1980,"REX",4,0,1
"MNT","TWL",4,1980,"SABL",4,0,1
"MNT","TWL",4,1980,"SBLY",4,0,1
"MNT","TWL",4,1980,"SNOS",4,0,1
"MNT","TWL",4,1980,"SPKL",4,0,1
"MNT","TWL",4,1980,"SSPN",4,0,1
"MNT","TWL",4,1980,"STRK",4,0,1
"MNT","TWL",4,1980,"TIGR",4,0,1
"MNT","TWL",4,1980,"VRML",4,0,1
"MNT","TWL",4,1980,"WDOW",4,12184,1
"MNT","TWL",4,1980,"YTRK",4,0,1
"MNT","TWL",4,1981,"ARRA",2,0,1
"MNT","TWL",4,1981,"BANK",2,498162,0
"MNT","TWL",4,1981,"BCAC",2,50415,0.5
"MNT","TWL",4,1981,"BLGL",2,0,1
"MNT","TWL",4,1981,"BLUR",2,0,1
"MNT","TWL",4,1981,"BRWN",2,0,1
"MNT","TWL",4,1981,"CLPR",2,4657,1
"MNT","TWL",4,1981,"CNRY",2,0,1
"MNT","TWL",4,1981,"CWCD",2,0,1
"MNT","TWL",4,1981,"DBRK",2,6991,0.5
"MNT","TWL",4,1981,"EGLS",2,0,1
"MNT","TWL",4,1981,"FLAG",2,0,1
"MNT","TWL",4,1981,"GBLC",2,0,1
"MNT","TWL",4,1981,"GSPT",2,0,1
"MNT","TWL",4,1981,"GSRK",2,0,1
"MNT","TWL",4,1981,"KLPG",2,0,1
"MNT","TWL",4,1981,"LCOD",2,0,1
"MNT","TWL",4,1981,"OLVE",2,0,1
"MNT","TWL",4,1981,"PNKR",2,0,1
"MNT","TWL",4,1981,"RDBD",2,0,1
"MNT","TWL",4,1981,"REX",2,0,1
"MNT","TWL",4,1981,"SABL",2,0,1
"MNT","TWL",4,1981,"SBLY",2,0,1
"MNT","TWL",4,1981,"SNOS",2,10734,1
"MNT","TWL",4,1981,"SPKL",2,0,1
"MNT","TWL",4,1981,"SSPN",2,0,1
"MNT","TWL",4,1981,"STRK",2,0,1
"MNT","TWL",4,1981,"TIGR",2,0,1
"MNT","TWL",4,1981,"VRML",2,0,1
"MNT","TWL",4,1981,"WDOW",2,13066,1
"MNT","TWL",4,1981,"YTRK",2,0,1
"MNT","TWL",4,1982,"ARRA",2,0,1
"MNT","TWL",4,1982,"BANK",2,0,1
"MNT","TWL",4,1982,"BCAC",2,11329,1
"MNT","TWL",4,1982,"BLGL",2,0,1
"MNT","TWL",4,1982,"BLUR",2,0,1
"MNT","TWL",4,1982,"BRWN",2,0,1
"MNT","TWL",4,1982,"CLPR",2,44562,0.5
"MNT","TWL",4,1982,"CNRY",2,0,1
"MNT","TWL",4,1982,"CWCD",2,166,0.5
"MNT","TWL",4,1982,"DBRK",2,0,1
"MNT","TWL",4,1982,"EGLS",2,0,1
"MNT","TWL",4,1982,"FLAG",2,0,1
"MNT","TWL",4,1982,"GBLC",2,0,1
"MNT","TWL",4,1982,"GSPT",2,0,1
"MNT","TWL",4,1982,"GSRK",2,0,1
"MNT","TWL",4,1982,"KLPG",2,0,1
"MNT","TWL",4,1982,"LCOD",2,0,1
"MNT","TWL",4,1982,"OLVE",2,3164,0.5
"MNT","TWL",4,1982,"PNKR",2,0,1
"MNT","TWL",4,1982,"RDBD",2,0,1
"MNT","TWL",4,1982,"REX",2,0,0
"MNT","TWL",4,1982,"SABL",2,0,1
"MNT","TWL",4,1982,"SBLY",2,0,1
"MNT","TWL",4,1982,"SNOS",2,1054,1
"MNT","TWL",4,1982,"SPKL",2,0,1
"MNT","TWL",4,1982,"SSPN",2,0,1
"MNT","TWL",4,1982,"STRK",2,0,1
"MNT","TWL",4,1982,"TIGR",2,0,1
"MNT","TWL",4,1982,"VRML",2,0,1
"MNT","TWL",4,1982,"WDOW",2,326,1
"MNT","TWL",4,1982,"YTRK",2,0,1
"MNT","NET",1,1978,"ARRA",1,0,1
"MNT","NET",1,1978,"BANK",1,0,1
"MNT","NET",1,1978,"BCAC",1,6055,1
"MNT","NET",1,1978,"BLGL",1,0,1
"MNT","NET",1,1978,"BLUR",1,0,1
"MNT","NET",1,1978,"BRWN",1,0,1
"MNT","NET",1,1978,"CLPR",1,0,1
"MNT","NET",1,1978,"CNRY",1,0,1
"MNT","NET",1,1978,"CWCD",1,0,1
"MNT","NET",1,1978,"DBRK",1,0,1
"MNT","NET",1,1978,"EGLS",1,0,1
"MNT","NET",1,1978,"FLAG",1,0,1
"MNT","NET",1,1978,"GBLC",1,0,1
"MNT","NET",1,1978,"GSPT",1,0,1
"MNT","NET",1,1978,"GSRK",1,0,1
"MNT","NET",1,1978,"KLPG",1,0,1
"MNT","NET",1,1978,"LCOD",1,0,1
"MNT","NET",1,1978,"OLVE",1,0,1
"MNT","NET",1,1978,"PNKR",1,0,1
"MNT","NET",1,1978,"RDBD",1,0,1
"MNT","NET",1,1978,"REX",1,0,1
"MNT","NET",1,1978,"SABL",1,0,1
"MNT","NET",1,1978,"SBLY",1,0,1
"MNT","NET",1,1978,"SNOS",1,0,1
"MNT","NET",1,1978,"SPKL",1,489,0
"MNT","NET",1,1978,"SSPN",1,0,1
"MNT","NET",1,1978,"STRK",1,0,1
"MNT","NET",1,1978,"TIGR",1,0,1
"MNT","NET",1,1978,"VRML",1,0,1
"MNT","NET",1,1978,"WDOW",1,1457,1
"MNT","NET",1,1978,"YTRK",1,17442,0
"MNT","NET",1,1982,"ARRA",1,0,1
"MNT","NET",1,1982,"BANK",1,0,1
"MNT","NET",1,1982,"BCAC",1,124356,1
"MNT","NET",1,1982,"BLGL",1,0,1
"MNT","NET",1,1982,"BLUR",1,0,1
"MNT","NET",1,1982,"BRWN",1,0,0
"MNT","NET",1,1982,"CLPR",1,0,1
"MNT","NET",1,1982,"CNRY",1,0,1
"MNT","NET",1,1982,"CWCD",1,0,1
"MNT","NET",1,1982,"DBRK",1,0,1
"MNT","NET",1,1982,"EGLS",1,0,1
"MNT","NET",1,1982,"FLAG",1,0,1
"MNT","NET",1,1982,"GBLC",1,0,1
"MNT","NET",1,1982,"GSPT",1,0,1
"MNT","NET",1,1982,"GSRK",1,0,1
"MNT","NET",1,1982,"KLPG",1,0,1
"MNT","NET",1,1982,"LCOD",1,0,1
"MNT","NET",1,1982,"OLVE",1,0,1
"MNT","NET",1,1982,"PNKR",1,0,1
"MNT","NET",1,1982,"RDBD",1,0,1
"MNT","NET",1,1982,"REX",1,0,1
"MNT","NET",1,1982,"SABL",1,0,1
"MNT","NET",1,1982,"SBLY",1,0,1
"MNT","NET",1,1982,"SNOS",1,0,1
"MNT","NET",1,1982,"SPKL",1,0,1
"MNT","NET",1,1982,"SSPN",1,0,1
"MNT","NET",1,1982,"STRK",1,0,1
"MNT","NET",1,1982,"TIGR",1,0,1
"MNT","NET",1,1982,"VRML",1,0,1
"MNT","NET",1,1982,"WDOW",1,7931,1
"MNT","NET",1,1982,"YTRK",1,129644,0
"MNT","NET",2,1978,"ARRA",6,0,1
"MNT","NET",2,1978,"BANK",6,0,1
"MNT","NET",2,1978,"BCAC",6,14672,1
"MNT","NET",2,1978,"BLGL",6,0,1
"MNT","NET",2,1978,"BLUR",6,0,0.333333333333333
"MNT","NET",2,1978,"BRWN",6,0,1
"MNT","NET",2,1978,"CLPR",6,0,1
"MNT","NET",2,1978,"CNRY",6,692,1
"MNT","NET",2,1978,"CWCD",6,0,1
"MNT","NET",2,1978,"DBRK",6,0,1
"MNT","NET",2,1978,"EGLS",6,0,1
"MNT","NET",2,1978,"FLAG",6,0,1
"MNT","NET",2,1978,"GBLC",6,0,1
"MNT","NET",2,1978,"GSPT",6,0,1
"MNT","NET",2,1978,"GSRK",6,0,1
"MNT","NET",2,1978,"KLPG",6,337,0.833333333333333
"MNT","NET",2,1978,"LCOD",6,5650,0.833333333333333
"MNT","NET",2,1978,"OLVE",6,17170,0.333333333333333
"MNT","NET",2,1978,"PNKR",6,0,1
"MNT","NET",2,1978,"RDBD",6,0,1
"MNT","NET",2,1978,"REX",6,0,1
"MNT","NET",2,1978,"SABL",6,0,1
"MNT","NET",2,1978,"SBLY",6,0,1
"MNT","NET",2,1978,"SNOS",6,0,1
"MNT","NET",2,1978,"SPKL",6,415,0.833333333333333
"MNT","NET",2,1978,"SSPN",6,0,1
"MNT","NET",2,1978,"STRK",6,0,1
"MNT","NET",2,1978,"TIGR",6,0,1
"MNT","NET",2,1978,"VRML",6,0,1
"MNT","NET",2,1978,"WDOW",6,9670,0.833333333333333
"MNT","NET",2,1978,"YTRK",6,10313,0.5
"MRO","HKL",1,1980,"ARRA",1,0,1
"MRO","HKL",1,1980,"BANK",1,0,1
"MRO","HKL",1,1980,"BCAC",1,0,1
"MRO","HKL",1,1980,"BLGL",1,0,1
"MRO","HKL",1,1980,"BLUR",1,0,1
"MRO","HKL",1,1980,"BRWN",1,0,1
"MRO","HKL",1,1980,"CLPR",1,0,1
"MRO","HKL",1,1980,"CNRY",1,0,1
"MRO","HKL",1,1980,"CWCD",1,1490,0
"MRO","HKL",1,1980,"DBRK",1,0,1
"MRO","HKL",1,1980,"EGLS",1,0,1
"MRO","HKL",1,1980,"FLAG",1,0,1
"MRO","HKL",1,1980,"GBLC",1,0,1
"MRO","HKL",1,1980,"GSPT",1,0,1
"MRO","HKL",1,1980,"GSRK",1,0,1
"MRO","HKL",1,1980,"KLPG",1,0,1
"MRO","HKL",1,1980,"LCOD",1,0,1
"MRO","HKL",1,1980,"OLVE",1,0,1
"MRO","HKL",1,1980,"PNKR",1,0,1
"MRO","HKL",1,1980,"RDBD",1,0,1
"MRO","HKL",1,1980,"REX",1,0,1
"MRO","HKL",1,1980,"SABL",1,0,1
"MRO","HKL",1,1980,"SBLY",1,0,1
"MRO","HKL",1,1980,"SNOS",1,0,1
"MRO","HKL",1,1980,"SPKL",1,0,1
"MRO","HKL",1,1980,"SSPN",1,0,1
"MRO","HKL",1,1980,"STRK",1,0,1
"MRO","HKL",1,1980,"TIGR",1,0,1
"MRO","HKL",1,1980,"VRML",1,9249,0
"MRO","HKL",1,1980,"WDOW",1,0,1
"MRO","HKL",1,1980,"YTRK",1,0,1
"MRO","TWL",1,1981,"ARRA",6,0,1
"MRO","TWL",1,1981,"BANK",6,1529,1
"MRO","TWL",1,1981,"BCAC",6,317331,1
"MRO","TWL",1,1981,"BLGL",6,0,1
"MRO","TWL",1,1981,"BLUR",6,0,1
"MRO","TWL",1,1981,"BRWN",6,0,1
"MRO","TWL",1,1981,"CLPR",6,175427,1
"MRO","TWL",1,1981,"CNRY",6,11091,1
"MRO","TWL",1,1981,"CWCD",6,0,1
"MRO","TWL",1,1981,"DBRK",6,0,1
"MRO","TWL",1,1981,"EGLS",6,0,1
"MRO","TWL",1,1981,"FLAG",6,0,1
"MRO","TWL",1,1981,"GBLC",6,0,1
"MRO","TWL",1,1981,"GSPT",6,0,1
"MRO","TWL",1,1981,"GSRK",6,0,1
"MRO","TWL",1,1981,"KLPG",6,0,1
"MRO","TWL",1,1981,"LCOD",6,0,1
"MRO","TWL",1,1981,"OLVE",6,0,1
"MRO","TWL",1,1981,"PNKR",6,0,1
"MRO","TWL",1,1981,"RDBD",6,0,1
"MRO","TWL",1,1981,"REX",6,0,1
"MRO","TWL",1,1981,"SABL",6,0,1
"MRO","TWL",1,1981,"SBLY",6,0,1
"MRO","TWL",1,1981,"SNOS",6,0,1
"MRO","TWL",1,1981,"SPKL",6,9240,0.833333333333333
"MRO","TWL",1,1981,"SSPN",6,0,1
"MRO","TWL",1,1981,"STRK",6,0,1
"MRO","TWL",1,1981,"TIGR",6,0,0
"MRO","TWL",1,1981,"VRML",6,0,1
"MRO","TWL",1,1981,"WDOW",6,0,1
"MRO","TWL",1,1981,"YTRK",6,0,1
"MRO","TWL",1,1982,"ARRA",7,1501,0.714285714285714
"MRO","TWL",1,1982,"BANK",7,11262,1
"MRO","TWL",1,1982,"BCAC",7,173639,0.857142857142857
"MRO","TWL",1,1982,"BLGL",7,9011,0.857142857142857
"MRO","TWL",1,1982,"BLUR",7,0,1
"MRO","TWL",1,1982,"BRWN",7,3617,0.857142857142857
"MRO","TWL",1,1982,"CLPR",7,94806,0.857142857142857
"MRO","TWL",1,1982,"CNRY",7,0,1
"MRO","TWL",1,1982,"CWCD",7,0,1
"MRO","TWL",1,1982,"DBRK",7,0,1
"MRO","TWL",1,1982,"EGLS",7,0,1
"MRO","TWL",1,1982,"FLAG",7,0,1
"MRO","TWL",1,1982,"GBLC",7,3167,0.857142857142857
"MRO","TWL",1,1982,"GSPT",7,0,1
"MRO","TWL",1,1982,"GSRK",7,0,1
"MRO","TWL",1,1982,"KLPG",7,0,1
"MRO","TWL",1,1982,"LCOD",7,0,1
"MRO","TWL",1,1982,"OLVE",7,0,1
"MRO","TWL",1,1982,"PNKR",7,0,1
"MRO","TWL",1,1982,"RDBD",7,0,1
"MRO","TWL",1,1982,"REX",7,0,1
"MRO","TWL",1,1982,"SABL",7,0,1
"MRO","TWL",1,1982,"SBLY",7,0,1
"MRO","TWL",1,1982,"SNOS",7,3369,1
"MRO","TWL",1,1982,"SPKL",7,0,1
"MRO","TWL",1,1982,"SSPN",7,19057,0.714285714285714
"MRO","TWL",1,1982,"STRK",7,0,1
"MRO","TWL",1,1982,"TIGR",7,0,1
"MRO","TWL",1,1982,"VRML",7,0,1
"MRO","TWL",1,1982,"WDOW",7,0,1
"MRO","TWL",1,1982,"YTRK",7,0,1
"MRO","TWL",2,1980,"ARRA",6,0,1
"MRO","TWL",2,1980,"BANK",6,0,1
"MRO","TWL",2,1980,"BCAC",6,380394,0.666666666666667
"MRO","TWL",2,1980,"BLGL",6,0,1
"MRO","TWL",2,1980,"BLUR",6,0,1
"MRO","TWL",2,1980,"BRWN",6,0,1
"MRO","TWL",2,1980,"CLPR",6,136432,1
"MRO","TWL",2,1980,"CNRY",6,4865,0.833333333333333
"MRO","TWL",2,1980,"CWCD",6,0,1
"MRO","TWL",2,1980,"DBRK",6,0,1
"MRO","TWL",2,1980,"EGLS",6,0,1
"MRO","TWL",2,1980,"FLAG",6,0,1
"MRO","TWL",2,1980,"GBLC",6,0,1
"MRO","TWL",2,1980,"GSPT",6,3241,0.833333333333333
"MRO","TWL",2,1980,"GSRK",6,13917,0.833333333333333
"MRO","TWL",2,1980,"KLPG",6,0,1
"MRO","TWL",2,1980,"LCOD",6,8358,0.833333333333333
"MRO","TWL",2,1980,"OLVE",6,0,1
"MRO","TWL",2,1980,"PNKR",6,0,1
"MRO","TWL",2,1980,"RDBD",6,0,1
"MRO","TWL",2,1980,"REX",6,0,1
"MRO","TWL",2,1980,"SABL",6,0,1
"MRO","TWL",2,1980,"SBLY",6,0,1
"MRO","TWL",2,1980,"SNOS",6,0,1
"MRO","TWL",2,1980,"SPKL",6,0,1
"MRO","TWL",2,1980,"SSPN",6,0,1
"MRO","TWL",2,1980,"STRK",6,0,1
"MRO","TWL",2,1980,"TIGR",6,0,1
"MRO","TWL",2,1980,"VRML",6,46817,0.833333333333333
"MRO","TWL",2,1980,"WDOW",6,37009,1
"MRO","TWL",2,1980,"YTRK",6,0,1
"MRO","TWL",2,1981,"ARRA",8,0,1
"MRO","TWL",2,1981,"BANK",8,108667,0.875
"MRO","TWL",2,1981,"BCAC",8,276662,0.625
"MRO","TWL",2,1981,"BLGL",8,0,1
"MRO","TWL",2,1981,"BLUR",8,0,1
"MRO","TWL",2,1981,"BRWN",8,0,1
"MRO","TWL",2,1981,"CLPR",8,112882,0.75
"MRO","TWL",2,1981,"CNRY",8,0,1
"MRO","TWL",2,1981,"CWCD",8,0,1
"MRO","TWL",2,1981,"DBRK",8,0,1
"MRO","TWL",2,1981,"EGLS",8,0,1
"MRO","TWL",2,1981,"FLAG",8,0,1
"MRO","TWL",2,1981,"GBLC",8,0,1
"MRO","TWL",2,1981,"GSPT",8,0,1
"MRO","TWL",2,1981,"GSRK",8,580,1
"MRO","TWL",2,1981,"KLPG",8,0,1
"MRO","TWL",2,1981,"LCOD",8,0,1
"MRO","TWL",2,1981,"OLVE",8,0,1
"MRO","TWL",2,1981,"PNKR",8,0,1
"MRO","TWL",2,1981,"RDBD",8,0,1
"MRO","TWL",2,1981,"REX",8,0,1
"MRO","TWL",2,1981,"SABL",8,0,1
"MRO","TWL",2,1981,"SBLY",8,0,1
"MRO","TWL",2,1981,"SNOS",8,0,1
"MRO","TWL",2,1981,"SPKL",8,0,1
"MRO","TWL",2,1981,"SSPN",8,0,1
"MRO","TWL",2,1981,"STRK",8,0,1
"MRO","TWL",2,1981,"TIGR",8,0,1
"MRO","TWL",2,1981,"VRML",8,0,1
"MRO","TWL",2,1981,"WDOW",8,12694,1
"MRO","TWL",2,1981,"YTRK",8,8955,0.875
"MRO","TWL",2,1982,"ARRA",1,0,1
"MRO","TWL",2,1982,"BANK",1,0,1
"MRO","TWL",2,1982,"BCAC",1,321312,1
"MRO","TWL",2,1982,"BLGL",1,0,1
"MRO","TWL",2,1982,"BLUR",1,0,1
"MRO","TWL",2,1982,"BRWN",1,0,1
"MRO","TWL",2,1982,"CLPR",1,309025,1
"MRO","TWL",2,1982,"CNRY",1,0,1
"MRO","TWL",2,1982,"CWCD",1,0,1
"MRO","TWL",2,1982,"DBRK",1,0,1
"MRO","TWL",2,1982,"EGLS",1,0,1
"MRO","TWL",2,1982,"FLAG",1,0,1
"MRO","TWL",2,1982,"GBLC",1,0,1
"MRO","TWL",2,1982,"GSPT",1,0,1
"MRO","TWL",2,1982,"GSRK",1,0,1
"MRO","TWL",2,1982,"KLPG",1,0,1
"MRO","TWL",2,1982,"LCOD",1,0,1
"MRO","TWL",2,1982,"OLVE",1,0,1
"MRO","TWL",2,1982,"PNKR",1,0,1
"MRO","TWL",2,1982,"RDBD",1,0,1
"MRO","TWL",2,1982,"REX",1,0,1
"MRO","TWL",2,1982,"SABL",1,0,1
"MRO","TWL",2,1982,"SBLY",1,0,1
"MRO","TWL",2,1982,"SNOS",1,24728,1
"MRO","TWL",2,1982,"SPKL",1,0,1
"MRO","TWL",2,1982,"SSPN",1,0,1
"MRO","TWL",2,1982,"STRK",1,0,1
"MRO","TWL",2,1982,"TIGR",1,0,1
"MRO","TWL",2,1982,"VRML",1,0,1
"MRO","TWL",2,1982,"WDOW",1,0,1
"MRO","TWL",2,1982,"YTRK",1,0,1
"MRO","TWL",3,1980,"ARRA",11,0,1
"MRO","TWL",3,1980,"BANK",11,5164,1
"MRO","TWL",3,1980,"BCAC",11,653882,0.818181818181818
"MRO","TWL",3,1980,"BLGL",11,0,1
"MRO","TWL",3,1980,"BLUR",11,0,1
"MRO","TWL",3,1980,"BRWN",11,0,1
"MRO","TWL",3,1980,"CLPR",11,134237,1
"MRO","TWL",3,1980,"CNRY",11,0,1
"MRO","TWL",3,1980,"CWCD",11,0,1
"MRO","TWL",3,1980,"DBRK",11,0,1
"MRO","TWL",3,1980,"EGLS",11,0,1
"MRO","TWL",3,1980,"FLAG",11,0,1
"MRO","TWL",3,1980,"GBLC",11,0,1
"MRO","TWL",3,1980,"GSPT",11,0,1
"MRO","TWL",3,1980,"GSRK",11,0,1
"MRO","TWL",3,1980,"KLPG",11,0,1
"MRO","TWL",3,1980,"LCOD",11,82272,0.727272727272727
"MRO","TWL",3,1980,"OLVE",11,0,1
"MRO","TWL",3,1980,"PNKR",11,0,1
"MRO","TWL",3,1980,"RDBD",11,0,1
"MRO","TWL",3,1980,"REX",11,0,1
"MRO","TWL",3,1980,"SABL",11,0,1
"MRO","TWL",3,1980,"SBLY",11,0,1
"MRO","TWL",3,1980,"SNOS",11,0,1
"MRO","TWL",3,1980,"SPKL",11,0,1
"MRO","TWL",3,1980,"SSPN",11,0,1
"MRO","TWL",3,1980,"STRK",11,1439,0.909090909090909
"MRO","TWL",3,1980,"TIGR",11,0,1
"MRO","TWL",3,1980,"VRML",11,0,1
"MRO","TWL",3,1980,"WDOW",11,0,1
"MRO","TWL",3,1980,"YTRK",11,0,1
"MRO","TWL",3,1981,"ARRA",4,0,1
"MRO","TWL",3,1981,"BANK",4,0,1
"MRO","TWL",3,1981,"BCAC",4,255021,0.25
"MRO","TWL",3,1981,"BLGL",4,0,1
"MRO","TWL",3,1981,"BLUR",4,0,1
"MRO","TWL",3,1981,"BRWN",4,0,1
"MRO","TWL",3,1981,"CLPR",4,227774,1
"MRO","TWL",3,1981,"CNRY",4,50030,0.75
"MRO","TWL",3,1981,"CWCD",4,0,1
"MRO","TWL",3,1981,"DBRK",4,0,1
"MRO","TWL",3,1981,"EGLS",4,0,1
"MRO","TWL",3,1981,"FLAG",4,0,1
"MRO","TWL",3,1981,"GBLC",4,0,1
"MRO","TWL",3,1981,"GSPT",4,26012,0.75
"MRO","TWL",3,1981,"GSRK",4,0,1
"MRO","TWL",3,1981,"KLPG",4,0,1
"MRO","TWL",3,1981,"LCOD",4,0,1
"MRO","TWL",3,1981,"OLVE",4,0,1
"MRO","TWL",3,1981,"PNKR",4,0,1
"MRO","TWL",3,1981,"RDBD",4,0,1
"MRO","TWL",3,1981,"REX",4,0,1
"MRO","TWL",3,1981,"SABL",4,0,1
"MRO","TWL",3,1981,"SBLY",4,0,1
"MRO","TWL",3,1981,"SNOS",4,0,1
"MRO","TWL",3,1981,"SPKL",4,20799,0.75
"MRO","TWL",3,1981,"SSPN",4,0,1
"MRO","TWL",3,1981,"STRK",4,0,1
"MRO","TWL",3,1981,"TIGR",4,0,1
"MRO","TWL",3,1981,"VRML",4,0,1
"MRO","TWL",3,1981,"WDOW",4,163339,0.75
"MRO","TWL",3,1981,"YTRK",4,19670,0.75
"MRO","TWL",3,1982,"ARRA",2,0,1
"MRO","TWL",3,1982,"BANK",2,249294,0.5
"MRO","TWL",3,1982,"BCAC",2,17847,0.5
"MRO","TWL",3,1982,"BLGL",2,0,1
"MRO","TWL",3,1982,"BLUR",2,0,1
"MRO","TWL",3,1982,"BRWN",2,0,1
"MRO","TWL",3,1982,"CLPR",2,63276,1
"MRO","TWL",3,1982,"CNRY",2,0,1
"MRO","TWL",3,1982,"CWCD",2,0,1
"MRO","TWL",3,1982,"DBRK",2,0,1
"MRO","TWL",3,1982,"EGLS",2,0,1
"MRO","TWL",3,1982,"FLAG",2,0,1
"MRO","TWL",3,1982,"GBLC",2,0,1
"MRO","TWL",3,1982,"GSPT",2,0,1
"MRO","TWL",3,1982,"GSRK",2,0,1
"MRO","TWL",3,1982,"KLPG",2,0,1
"MRO","TWL",3,1982,"LCOD",2,0,1
"MRO","TWL",3,1982,"OLVE",2,0,1
"MRO","TWL",3,1982,"PNKR",2,0,1
"MRO","TWL",3,1982,"RDBD",2,0,1
"MRO","TWL",3,1982,"REX",2,0,0
"MRO","TWL",3,1982,"SABL",2,0,1
"MRO","TWL",3,1982,"SBLY",2,0,1
"MRO","TWL",3,1982,"SNOS",2,0,1
"MRO","TWL",3,1982,"SPKL",2,0,1
"MRO","TWL",3,1982,"SSPN",2,0,1
"MRO","TWL",3,1982,"STRK",2,0,1
"MRO","TWL",3,1982,"TIGR",2,0,1
"MRO","TWL",3,1982,"VRML",2,0,1
"MRO","TWL",3,1982,"WDOW",2,0,1
"MRO","TWL",3,1982,"YTRK",2,0,1
"MRO","TWL",4,1980,"ARRA",6,4102,0.833333333333333
"MRO","TWL",4,1980,"BANK",6,0,1
"MRO","TWL",4,1980,"BCAC",6,188541,1
"MRO","TWL",4,1980,"BLGL",6,23574,0.833333333333333
"MRO","TWL",4,1980,"BLUR",6,0,1
"MRO","TWL",4,1980,"BRWN",6,0,1
"MRO","TWL",4,1980,"CLPR",6,206642,0.666666666666667
"MRO","TWL",4,1980,"CNRY",6,4867,1
"MRO","TWL",4,1980,"CWCD",6,0,1
"MRO","TWL",4,1980,"DBRK",6,0,1
"MRO","TWL",4,1980,"EGLS",6,0,1
"MRO","TWL",4,1980,"FLAG",6,0,0
"MRO","TWL",4,1980,"GBLC",6,4068,0.833333333333333
"MRO","TWL",4,1980,"GSPT",6,0,1
"MRO","TWL",4,1980,"GSRK",6,0,1
"MRO","TWL",4,1980,"KLPG",6,0,1
"MRO","TWL",4,1980,"LCOD",6,0,1
"MRO","TWL",4,1980,"OLVE",6,0,1
"MRO","TWL",4,1980,"PNKR",6,0,0
"MRO","TWL",4,1980,"RDBD",6,0,1
"MRO","TWL",4,1980,"REX",6,0,1
"MRO","TWL",4,1980,"SABL",6,0,1
"MRO","TWL",4,1980,"SBLY",6,0,1
"MRO","TWL",4,1980,"SNOS",6,9225,0.833333333333333
"MRO","TWL",4,1980,"SPKL",6,0,1
"MRO","TWL",4,1980,"SSPN",6,6144,0.833333333333333
"MRO","TWL",4,1980,"STRK",6,0,1
"MRO","TWL",4,1980,"TIGR",6,0,1
"MRO","TWL",4,1980,"VRML",6,0,1
"MRO","TWL",4,1980,"WDOW",6,101172,0.833333333333333
"MRO","TWL",4,1980,"YTRK",6,0,1
"MRO","TWL",4,1981,"ARRA",12,0,1
"MRO","TWL",4,1981,"BANK",12,61664,0.833333333333333
"MRO","TWL",4,1981,"BCAC",12,148831,0.666666666666667
"MRO","TWL",4,1981,"BLGL",12,10625,0.916666666666667
"MRO","TWL",4,1981,"BLUR",12,0,1
"MRO","TWL",4,1981,"BRWN",12,0,1
"MRO","TWL",4,1981,"CLPR",12,102498,0.916666666666667
"MRO","TWL",4,1981,"CNRY",12,1580,1
"MRO","TWL",4,1981,"CWCD",12,10427,0.916666666666667
"MRO","TWL",4,1981,"DBRK",12,0,1
"MRO","TWL",4,1981,"EGLS",12,0,1
"MRO","TWL",4,1981,"FLAG",12,0,1
"MRO","TWL",4,1981,"GBLC",12,8019,0.916666666666667
"MRO","TWL",4,1981,"GSPT",12,5347,0.916666666666667
"MRO","TWL",4,1981,"GSRK",12,0,1
"MRO","TWL",4,1981,"KLPG",12,0,1
"MRO","TWL",4,1981,"LCOD",12,0,1
"MRO","TWL",4,1981,"OLVE",12,0,1
"MRO","TWL",4,1981,"PNKR",12,0,1
"MRO","TWL",4,1981,"RDBD",12,2654,0.916666666666667
"MRO","TWL",4,1981,"REX",12,0,1
"MRO","TWL",4,1981,"SABL",12,0,1
"MRO","TWL",4,1981,"SBLY",12,249,0.916666666666667
"MRO","TWL",4,1981,"SNOS",12,10486,1
"MRO","TWL",4,1981,"SPKL",12,0,1
"MRO","TWL",4,1981,"SSPN",12,24367,0.833333333333333
"MRO","TWL",4,1981,"STRK",12,0,1
"MRO","TWL",4,1981,"TIGR",12,0,1
"MRO","TWL",4,1981,"VRML",12,0,1
"MRO","TWL",4,1981,"WDOW",12,61065,0.833333333333333
"MRO","TWL",4,1981,"YTRK",12,2654,1
